10
8 7
22 64 88 15 63 26 85
63 83 44 94 27 61 58
66 99 14 22 80 1 61
16 92 3 29 41 57 43
37 56 8 73 86 100 56
48 54 43 36 80 77 13
43 94 97 45 11 23 19
96 23 88 85 49 41 97
10 10
59 40 38 31 83 11 55 15 94 10
88 17 15 40 19 83 10 34 99 19
64 11 45 84 87 2 59 94 25 97
29 35 76 99 27 81 1 58 92 61
60 75 99 37 7 72 20 68 63 59
63 1 19 25 8 74 38 83 86 27
52 73 74 27 52 93 59 52 56 97
32 78 62 78 66 85 86 12 42 86
1 43 25 9 18 82 26 71 22 27
34 28 6 8 12 15 89 56 2 63
7 10
89 32 15 32 38 70 82 20 95 21
42 59 12 45 98 96 69 3 78 70
43 78 79 4 9 55 54 27 10 56
31 61 38 58 43 94 92 44 86 83
42 23 51 95 83 18 30 31 30 2
0 55 26 52 60 12 99 56 43 43
91 39 19 67 28 96 31 99 91 35
9 10
53 7 28 13 79 54 95 33 15 27
17 32 0 31 17 38 39 80 2 38
87 49 2 74 92 40 27 61 41 17
81 63 73 41 50 18 25 55 88 17
55 55 88 37 93 8 86 14 50 84
82 75 69 42 91 18 10 44 85 86
59 96 33 14 48 36 58 63 14 39
61 70 82 22 34 45 79 82 6 86
45 92 13 43 0 70 13 65 28 36
8 5
5 33 29 5 69
28 14 88 59 47
66 93 53 2 2
2 76 63 42 4
61 99 12 90 43
4 41 59 67 58
20 62 6 2 31
69 18 45 54 26
6 6
44 50 41 9 45 17
2 63 16 0 63 61
74 51 29 16 25 30
33 74 96 79 7 56
59 44 6 40 56 6
22 3 98 40 23 37
8 8
73 96 26 11 29 62 67 16
44 35 41 80 97 60 75 32
32 57 64 63 100 85 76 73
75 57 52 16 38 8 87 10
89 47 84 43 48 67 31 49
18 25 70 10 87 93 27 49
50 9 74 16 26 34 44 100
31 14 42 14 9 12 77 15
9 9
2 15 15 63 71 10 80 26 73
54 55 27 63 25 91 87 7 22
99 22 27 24 32 7 66 59 16
65 68 100 71 34 90 66 3 4
67 72 15 60 96 37 100 55 3
3 13 51 60 86 81 15 24 48
100 42 11 32 71 58 39 33 60
64 45 12 54 30 74 24 79 71
86 65 38 35 37 8 11 43 71
5 10
84 55 40 96 92 68 28 46 66 22
91 44 39 63 39 11 17 15 63 45
60 92 4 73 43 27 95 27 29 22
39 35 26 62 43 62 30 42 2 94
29 19 32 87 34 100 89 88 75 89
8 6
16 27 15 77 63 94
45 54 100 19 49 61
38 56 22 2 54 47
53 79 47 18 80 46
95 24 3 43 38 81
44 12 23 70 0 57
37 44 67 89 36 17
39 28 4 50 77 10